390 Digest (4, 4.) 66 6166615. -· (5, 1.) 6616616.

Ι»661666 aspectum 221. 613. 1.(11311166616666. Pr. 67611 ξω, ( ι ”le a
l. (134.) si minor. §. (l.) 6166· 6812.) quoii 611. 8. 5. 7. 8. ς’81662841,15148611661816.
res. 306, 21. l. (15.) 1166166166.30,6 - §.(5. etseq.) 1166 61 extra.
l. (35.) 6116 emtionem. 307, 2. 107,18. - 147, 13. 6666. 6666161161. 66611
1136.) 61666 25 66616. (61. 1116.) 61 616666116. 107, 18. 6613666661. 15, 10. -
“· »6166666616.”)306, 19. 1.(17.) 1166616666. 3Ι,2.3.
1 (37.) 6666111666. 11.) 666 61. .(2. 616666.) innatat. l. (3.) 666 6166166. 15, 15. -
6666. 16 66116116. 307, 10. . (6.) principaliter. 73, 5. —- 134. 6. 15. - 180. 5. 6.
1. (39.) 16166. 66. 46, 2. - 247, 3. 1. (5.) 61 616 ex 611666. 15,4.
l. (42.) praeses. 312, 26. 6. (7. 616. 611.) Celsus. (61. 11. - 81, 3. - 133, 27. -
bnt.) non 66616. 306, 13. l. si 161666.) 73,5.- 134, 6,-136. 6. 6. ·
1148.) 61666 66. 6. (1.) 61666 247, 3. - 271, 4. 61151 1. (6.) 666666. 37,9. - 279. 5. 7.
ancillam. 307, 15. 661. 34. 3 1(12.) 6666666166. (61. 61.
(4, 6.) ex 6611. (61. aquibus 1.(19.) 666166. 77, 2. - 268, 5. 1166661663)
6616) cancia 6161666625 tm· 6(2 )6666616611116111.268, pr. 88, 7.
6666166666. 14-6611,1. 611.)1661666.36,11129.
l. (1.) hoc 6616166. 309, 1. 1 (21.) 661616666. 30.- 101, 9.
l. (2.) 16166 661611. 309. 6. 3. 66. 1107, 11. §. (2.) 666 66166. 37, ut.
l. (9.) succurritur. 308, 19. 6. (1.) si arbiter. 78, 3.- · - 93, 2. 3. ·- 277, 19.
1.(10.) 16 66666 66666. 308, 19. 269, 10. l. (13.) 16161566 16116. (61616516
l. (15.) 65 hostibus. pr. 309, 1. 1. (21. 6. 5. 61 6666.) 61 cum tribus.” 61. used 16 1615663)
1 (26.) 666 6161. 6166. 107, 12. 13. 47,31.-116.6.28.-180.6. 18.
6. (1.) adversus. 309, 10. 6.(7. 1666 665661. falcom- l. (14.) sed cum ambo. 47, 32.
11. - 6. l. et seqq. 66666166633108. 6. 23. 33- 116. 6. 28.
135,1. 6. 61 16616 6651166. 273, 10. Ι. ( 17.) lolianus 6111 61 61166.
6. (7.) 61166166. 6666. 666 -280,14. 37, 3.
66616666. 312, 11. 1. (23.) Celsus. pr. 107, 5. l. (18.) 61 longius. 234. b. 4.
.(8.)66611666.312,11.15. l. (27.) dicmproierre. 1.(19.) 56666 656666. 127,10.
1( .)666666. 6.(1.)615666616.105,11. 6(1.61666)61 6161616-
6. 309, 4. 8. 9. 12. 166. 128,6. 7. cl. 661. 25.
663.ὲεὶ 6616 6666166263, 6. 6628) ι61661. 108. a. 1. - 1.(26.) qq ep. 611. (27.) 6611
. . . . . eorm. .
(4, 8.) tle receptis etr. (61. »66 6. (3.) 61 616666. 73, 5. 23. l. (29.) 6617666666( prior. (61.
»66511616”) - 247, 3. , n 61 66166 6663) 27. 6. 7.-
1(1.) 666666616666.103, 10. 6. (4.) 61 616 litigatorum. 1866. -208,26.-262,1. Ι
11. -· 105. 6. 25. - 107,8. 106, 2. 8. - ibit. 632. l. (38.) 6666 legator. vers.

— 382, 30. l. (32.) 666 distinguemus. 6666 66166. 129. 6. 14. 15.
l. (526ἰ ex compromisso. 103. 5. 6. (6.) 61 pssqpleqrprem. 104, l. 639.) 666 furiosus. 66. 37.
. , 1,- , . ,6.
l. (3.1 Labeo 611. 107, 3. 6. (7.) 66 liberali. 104,13. l. (40.) 666 66166616 6. (1.)
’ 6.(1.)1666161.107.6.17. -278, 4. 5.-381, 27. 1666611314.
24. -- 150, 12. 6. (14.) 666 6616666365. l. (45.) argentarium. (61. 6111666
l. (6.) quin 61166. 37, 11. 1.(40.) arbiter 66166616107, 16. 6666661663) 128, 7.

l. (7.) 66166. 78, 25. - 93, 5. 1. 1 41.) 666 lege. 103, 22. 61 Ι. (47.) observandum-29, 5. 6.

- 104, 1. 6666. 66 . l. (56) 11661. 114. 5. 12.
66. 78, 24. l. (46.) deltis. 187, 16. l. (58.) 16616166. 43, 17.

l. (9.) 666 si 16 6666661661 1.(50.) arbiter ex compromis· l. (61.)6616666. 10, 17. 18.
„in serv.'’ - al. „sed 6161 66107, 13. l. (68.) nd peremtoriom. 6111
61666669) 1151616666611.) 61 66 66 666. 66 q. 133, 10. 61. 661. 10 -

,(1.) 6666666104. 612. 129. 5. 19. 20. 318, 3. 61. nott - 316, 1.
.(2.)61661616666104,6. (5,1.)116161116116, 61611 6616- 611161. 13. “

. (5. 616. 611.) item 6161. qne apertori conveniri debeat. l. (70.) 61 tertium. 77, 15.

666 666. 1. 10. 61 l. 11. l. (1.) si 66 6651161661. 270,3. 1. (71.) 16 peremtoria 133. 17.
66107, 14. 15. l. (2.) consensisse. 1(72.) nonnumquam&⁹ 17. —-

 

