496 Χ, G. (01.) 0011001011011111, - (4, 8.) 110 coning. leprosor.

0(6) convenissent. 01. 03051011001501. 0100010050100901110001011111·
Χ. 3. lu t. 3, 7. (09) sug g.estnnt 340, 97, 1000111. 346, 99.
(3,8,)000011000010110111005011-0(19)01100010111101113,99,3 0(1,)11111110,01. 0.1,Χ,1.11,
doe 01 0001001000001 00000111. 0. (13.) quonium 0 11051001. 0.1, 3, 37.
(010)011110110,0107,Χ,3.90,Χ,1,11.03,96, 0(3,)11011111ος0011010,01, 0
11.,,.138 c.(35.p)tuuonr0....488b37 9,Χ,1,.110
(3) 10.) 001110, 0000100100100- 0,(96.) 1110 Ι1101110, 01, 0 9. X. 0 (9. ) sententiam sanguinis.
10100100001100000000111111. 3. 101, 3, 93, 01, 11001. 11111οο 3. pag. sup.
0(4)110110 01 0 4. Χ.1. 11. 0.(31)011311111, 977. b. 13. 419.
13,9. (3, 31. ) 001000101150001110110- 0, (10, 011. ult) supersp pocula.
. (3, 11.) 001111 ,010-0110110010 0001150000101101011010. lll. b. 19.
10110011000011011. 0.(15.)010111. 01.0.1,Χ.3,11. (4,1,)1100110110011511101010111
0,.(1)011111111011110110.01,01111,03,94.11101110.
Χ.1,11.1.3,10 0(10,)06ορ00101100111.365, 0,(3.)111101110,, (5.)0011110.,
3.) ex 010, 0101111. Χ.3 18. (7)οκ 1110110 ,(.19)Ῑ1100101
1311. 03,19, (3, 39.) 00 conversione 001110- 00. 01, 0 184, 6.16.Χ.1.
(3,19,) 010009000011011 5011111·9010111111.11.1,4,1,
01οι01110 dominatione conso- o.3(2310.¹254v. 353111213') Ἣᾶέῗᾶιᾞ. οἑ91ὴ1ἑ1ὶί11101100, 01, 0 7,Χ,
mour
0, (1111.) 111 nostrum. 95. u. 17. (3, 35.) de 010111 0101100501 11111 0 (30310 1111195311 91.
48.— 375, 39. 33,·- 01. 0. 010000111001011110011101111111.(4,9.)0011001101100110001111011
011.Χ.3,11.1.3,10,0(.6)01111101111101100101·111111.501100.
(3,17)000111101100100110111000 350, 95. 96. c(3.) uberes. 991. a. 17.
0(6.011,11011011,)011111001100 (3, 36.) 00101101011110011115110,0(4.)111010001, 0,5,Χ.1.11.
01, 0. 2, Χ. 3. 11. t. 3, 14. 111 001100ρο ,111 11 0115100100 1. 4, 2.
(3, 99,)001100111010111110. o. (6. ) constitutus. 01, ,0,9. Χ.0 ( 6 ) continebatur. 01, 08,
0,,11(9)01101111,,,9331199.-3,11,.,.1398 Χ,.,1111.
397, 39.- 01, 0000111103. c. (7 011111 venerabilium, 0. (7, 9,) de illis. 111010 alleg.
01183533109111100. 906, 109, (3 237)03703001110213000011011011 503110. 5111)), ,inglu-s. 95961115
11.-9331093-99811,010910110110100011101.010001]
⁸ 18- 01, c. 5.Χ. 1,11, 03, 0 (9,) dilectus. 359, 9, 10- 0.(.10)01100101101100, 01. 0 13,
18,,..0107Χ1.001111001.01,0.,1111Χ,3..111.,,399 Χ.,.111,1
001,1,34, (35.) (3,38,) 00101000110110100. (4,3,)00010000011’110110000000-
(3,33)00001111101115110 03(.)(111011101111111111111110110111, lione.
0(,4 011.1110)100111,918113699091,0.(9.)011001101110.01,03,Χ.
0(17)11111111010101101985.3,1,11,1.4,3,
(3,]943000000110015111. 0 (19.) consultationibus. 363, (4, 5,) 00 0000100015. oppositio
09)) {rottegniggteu 01109, ξι) lm Γ 2⁷ X. loto &oportunum elul 000110-
0 100 111, 0 001 0
(3,96,)0010010111011111011111111110 1,11,1,3,33. 0. (3.) 11011110.959,1),15 -
0010010051ιο,(339,)000011015111,00110110015,01.0.4,Χ.1,110011011001111,
0 (10.) oum esses. 010 (11.) 010100010101115 4, l.
10:13utum. ,010 9. 10, Χ. 1..11 0(17,)0011111101011110.194, a. οἱ6341104111100,0101.Χ,3,
0,(15.)101]11101011, 01. 0 3, Χ 0 1911.)011111 0011011111. 01. 05, (4, 6.)οη1· 0101101· 001 0000111011
θ3,11.1.3,19. Χ.3.11,1,3,37, 1110111110001111011010000011111
οἓ161)11οι01ῡ111001.ᾱο21111.8Χ (3,,11,1,)111000105101101101111000 0 1(11)(ί1.114111ὁ10011ο.0501, Χ.
00011 01010 11111100. -
0, (18.) 3011101000179, 04, 0(.9100100100 39416, (4,7)000001110110111111110
- 199, 10113, (3, 48.) 110 cocleolis aedificandis lri.,nt qoam polluo! per 011111
(3, 97.) 0011000000. 05 1111001010 ool repat 01100 terium.
0,(3 0101111100111011001110, 01 0 (5,)0001101011110111,01.0,4.0.(9.)013111110011001. 0 9, X.
0.1111,,,.,Χ3111,390 Χ.9.11,1,3,96,1,11.1.,,47

(3, 30.) 00 00010110, 0110111110 01 (3, 50.) 1100101101 001 0101100111 1(4, 8.) 110 000111010501000111111.

 

